4.55931e-09 
1.16873e-09 
6.47102e-08 
6.71024e-07 
5.31259e-07 
9.46456e-08 
8.51918e-07 
2.35449e-08 
2.84379e-08 
1.4432e-07 
2.58933e-08 
6.40539e-10 
8.58152e-10 
1.62248e-08 
1.59448e-09 
2.7049e-09 
2.90905e-09 
1.87681e-08 
1.23643e-07 
3.59845e-09 
5.69113e-09 
2.60021e-08 
2.35563e-08 
3.02782e-08 
2.96658e-08 
1.12938e-08 
2.44482e-09 
1.17907e-08 
1.93957e-08 
2.02727e-09 
3.33286e-08 
9.24264e-10 
4.84772e-09 
1.85273e-07 
2.52095e-06 
1.05579e-08 
1.87316e-08 
4.51999e-09 
2.27685e-08 
1.15876e-07 
7.91807e-09 
1.53189e-08 
3.2272e-08 
1.72665e-08 
1.85929e-08 
2.98882e-07 
2.02429e-08 
9.13706e-08 
1.1781e-07 
1.85252e-07 
7.42885e-07 
9.831e-07 
1.44445e-08 
5.38435e-09 
7.2763e-07 
8.59375e-10 
7.17866e-08 
4.8588e-09 
1.55303e-07 
4.76902e-09 
1.17924e-07 
3.99475e-08 
3.08949e-07 
3.86044e-08 
7.4105e-09 
2.05828e-07 
6.21584e-08 
2.95943e-06 
1.63755e-07 
1.16974e-07 
1.98793e-08 
1.38875e-08 
1.52621e-08 
1.73769e-08 
3.48104e-08 
6.04657e-09 
1.59219e-08 
5.52701e-08 
2.95882e-08 
5.89326e-08 
8.32527e-08 
8.3734e-07 
1.04098e-07 
3.72567e-08 
1.85401e-08 
2.79861e-08 
6.82026e-08 
4.082e-09 
5.41052e-09 
3.93095e-09 
3.00932e-10 
2.11933e-08 
5.61435e-08 
5.33869e-09 
3.82162e-10 
1.45389e-09 
2.82478e-09 
6.92384e-10 
8.8268e-10 
8.55626e-09 
1.33825e-08 
1.13656e-06 
1.0642e-07 
9.16413e-09 
4.44521e-08 
4.48982e-10 
9.37418e-08 
3.43271e-07 
6.14305e-09 
8.04934e-08 
1.33432e-09 
1.21961e-07 
1.67651e-06 
4.41671e-09 
6.29714e-09 
4.89495e-10 
9.26062e-10 
1.35039e-07 
6.11377e-08 
7.15655e-08 
3.65321e-08 
5.43815e-08 
1.15621e-08 
2.69499e-07 
1.2168e-07 
5.10822e-08 
2.38203e-08 
3.44112e-08 
3.68704e-08 
1.11502e-08 
1.59353e-08 
1.30725e-07 
6.66009e-08 
4.54003e-08 
7.43729e-08 
4.85178e-08 
7.54694e-09 
5.73503e-08 
8.29523e-08 
3.24839e-08 
3.66729e-08 
6.43116e-08 
2.01966e-07 
2.11273e-08 
1.27056e-08 
7.39801e-07 
9.01813e-08 
8.20488e-08 
1.96243e-07 
7.03786e-08 
1.54375e-06 
3.13155e-07 
4.17497e-09 
1.55523e-07 
5.8271e-08 
1.87052e-08 
3.26071e-07 
1.1714e-08 
1.92982e-08 
1.00932e-06 
1.76164e-07 
5.14286e-07 
3.00234e-07 
9.98809e-07 
3.89932e-07 
2.20332e-07 
7.06764e-08 
7.3911e-08 
1.20088e-07 
5.75637e-08 
3.57526e-06 
1.75082e-06 
5.44725e-06 
5.42139e-07 
2.24796e-06 
6.86005e-09 
6.86376e-07 
2.93991e-06 
4.13014e-06 
9.72733e-07 
1.44642e-07 
8.45002e-08 
4.2161e-07 
1.37143e-07 
3.85057e-07 
5.49552e-06 
1.19222e-07 
1.07394e-07 
1.50524e-08 
2.98409e-07 
2.99567e-08 
1.36664e-07 
4.57641e-07 
1.2458e-07 
6.46749e-08 
6.75784e-07 
8.75229e-08 
2.65156e-06 
2.27271e-07 
8.35017e-07 
1.5464e-07 
1.88611e-08 
7.71482e-07 
3.02837e-06 
4.16536e-08 
5.75479e-07 
4.0432e-07 
6.34596e-07 
2.71622e-06 
1.12111e-06 
5.05438e-07 
1.05059e-07 
2.3385e-07 
6.10147e-07 
3.94374e-07 
1.26e-07 
1.37488e-07 
5.81031e-07 
1.33201e-07 
2.97081e-07 
4.83973e-08 
5.75997e-08 
5.10441e-07 
1.64402e-06 
3.03074e-06 
2.36695e-07 
5.99434e-06 
5.34261e-08 
1.54793e-07 
1.75897e-07 
6.20569e-08 
8.13161e-08 
4.09941e-07 
1.1802e-06 
2.53221e-06 
7.42952e-07 
1.80014e-07 
1.1652e-07 
3.88505e-06 
7.14123e-07 
7.40469e-07 
2.03516e-06 
8.07188e-07 
4.04642e-07 
1.61409e-07 
3.39886e-07 
2.22529e-06 
6.52721e-07 
8.22062e-06 
2.48794e-06 
2.74913e-06 
2.47776e-05 
1.22243e-08 
1.35032e-07 
1.71827e-06 
8.45257e-07 
2.63335e-06 
1.04044e-06 
7.27863e-06 
2.45104e-07 
1.25087e-07 
8.25648e-07 
3.83688e-08 
1.93749e-07 
2.338e-07 
2.27403e-08 
4.55758e-08 
2.81667e-07 
3.1686e-07 
1.20087e-06 
3.23098e-06 
3.44331e-07 
3.14234e-06 
6.29895e-07 
1.32365e-07 
7.95359e-07 
3.98675e-07 
8.32277e-08 
6.37422e-08 
2.16497e-06 
3.39018e-07 
1.52402e-08 
2.03531e-08 
2.25675e-08 
1.73025e-08 
3.02605e-08 
7.932e-08 
1.10872e-07 
4.4773e-08 
4.09725e-08 
9.1216e-09 
2.51784e-08 
3.63614e-08 
3.2334e-07 
3.34776e-07 
2.95533e-07 
2.00809e-06 
2.49149e-08 
2.82549e-08 
1.47922e-07 
4.87653e-09 
2.36645e-09 
4.50417e-08 
3.05614e-08 
1.1005e-09 
1.84886e-07 
9.95544e-09 
1.40864e-08 
1.09965e-08 
7.27541e-09 
1.85993e-08 
2.86849e-08 
2.94368e-08 
1.20932e-07 
7.7329e-08 
7.98127e-09 
1.60237e-09 
3.09927e-09 
4.05749e-08 
7.26492e-08 
1.59719e-08 
5.05546e-08 
4.0728e-09 
2.23955e-09 
1.50099e-07 
4.77701e-09 
2.19439e-08 
1.61551e-07 
8.8517e-08 
2.08879e-08 
3.02046e-07 
1.04565e-07 
4.73747e-09 
7.00659e-08 
3.83328e-07 
2.63059e-10 
1.23574e-06 
1.91902e-07 
2.36688e-08 
1.09582e-07 
2.27094e-06 
3.67983e-06 
3.53222e-06 
9.41001e-07 
6.61485e-08 
1.93067e-05 
7.87379e-06 
2.16208e-05 
5.0348e-06 
4.78201e-05 
2.12312e-05 
7.26736e-07 
8.30007e-07 
1.97692e-06 
1.22267e-05 
1.09748e-06 
1.71177e-06 
2.46924e-07 
2.3786e-07 
1.75354e-07 
3.6513e-08 
6.23958e-08 
8.23736e-08 
2.03474e-07 
4.55529e-09 
1.21038e-08 
1.74632e-07 
4.75537e-08 
6.68486e-09 
8.81689e-09 
2.18262e-09 
4.81444e-08 
8.16344e-08 
4.68273e-08 
7.59111e-08 
1.15277e-08 
6.24241e-09 
1.86804e-10 
4.09551e-08 
2.23315e-08 
2.27194e-09 
1.95071e-08 
1.30277e-09 
9.42027e-09 
4.40409e-09 
1.15102e-06 
1.94293e-06 
9.23578e-10 
8.73612e-09 
3.23851e-08 
6.62765e-08 
6.89024e-07 
7.88929e-09 
1.57819e-09 
3.14719e-07 
1.00098e-06 
2.34169e-07 
2.61595e-08 
3.47512e-08 
2.56151e-06 
3.02119e-08 
1.79843e-06 
8.9704e-07 
5.45626e-08 
2.21671e-08 
6.58136e-07 
7.91496e-09 
3.24337e-07 
7.32064e-08 
3.95233e-07 
3.8433e-07 
4.50485e-08 
2.24508e-06 
1.07046e-05 
2.07787e-06 
2.01112e-07 
1.41413e-07 
1.30074e-07 
1.02739e-07 
2.44297e-06 
3.0307e-07 
9.55433e-07 
2.87947e-08 
6.88102e-08 
2.41659e-07 
5.72544e-05 
1.52093e-07 
5.77043e-07 
6.33173e-06 
5.50386e-08 
2.49454e-08 
3.35036e-07 
7.7004e-06 
2.2694e-06 
3.6755e-08 
8.57911e-07 
3.65778e-07 
1.47463e-07 
3.35088e-09 
1.08424e-07 
3.19533e-07 
7.31873e-08 
5.3837e-08 
6.67809e-09 
3.44772e-06 
2.3996e-05 
3.3685e-07 
1.23527e-06 
4.03689e-07 
1.37802e-07 
2.4253e-06 
4.29422e-08 
7.68246e-07 
3.00517e-08 
1.26248e-07 
2.64e-08 
4.11774e-06 
1.01207e-06 
2.10407e-07 
5.03503e-06 
7.01144e-07 
1.83706e-07 
2.8768e-05 
2.51661e-06 
1.65675e-07 
1.65879e-07 
9.56164e-09 
7.55125e-09 
5.49413e-08 
2.2801e-07 
1.98461e-07 
4.63602e-07 
1.48389e-06 
1.73935e-08 
8.02529e-07 
1.47853e-06 
6.73128e-09 
1.64862e-07 
2.25577e-06 
5.95825e-08 
1.45535e-07 
1.09559e-07 
3.52799e-08 
8.61416e-08 
7.38876e-06 
1.59743e-08 
2.25496e-07 
2.85217e-07 
3.24675e-07 
1.17967e-07 
3.31952e-08 
1.47422e-06 
1.79818e-07 
2.86904e-08 
1.50883e-07 
2.15718e-08 
6.71416e-09 
2.99388e-07 
1.56892e-07 
2.27939e-07 
3.65025e-05 
2.58646e-07 
1.84974e-07 
4.67815e-08 
4.60559e-08 
3.32091e-08 
1.5499e-08 
1.46343e-08 
2.11896e-08 
1.71668e-08 
4.19772e-08 
5.52439e-08 
3.6976e-08 
2.8636e-07 
7.52818e-06 
1.00987e-05 
4.04535e-07 
1.17803e-07 
4.55287e-07 
2.19062e-07 
2.19798e-07 
2.33608e-09 
2.69489e-06 
0.00074715 
3.56964e-08 
4.81157e-07 
2.6363e-08 
2.07751e-08 
2.48543e-08 
2.45845e-06 
2.60204e-07 
6.89328e-08 
2.09748e-07 
6.69925e-08 
4.28149e-08 
2.8964e-09 
1.50489e-07 
0.000305164 
2.03302e-07 
2.29442e-08 
5.54112e-08 
3.93715e-07 
1.49443e-06 
1.19975e-07 
1.51428e-07 
6.0011e-07 
1.72243e-07 
1.86927e-08 
7.3488e-08 
4.01897e-06 
5.72706e-10 
8.37135e-07 
9.14176e-07 
6.41264e-07 
3.98541e-09 
1.14628e-07 
1.88797e-08 
1.96503e-06 
3.52801e-06 
0.00013861 
1.1637e-07 
6.88418e-08 
5.53238e-07 
7.04663e-08 
1.57269e-07 
2.04408e-07 
2.94532e-06 
3.93244e-09 
1.3201e-06 
3.42933e-07 
1.97169e-06 
1.26263e-07 
1.15777e-07 
2.17046e-08 
1.45974e-06 
3.8817e-07 
2.91314e-07 
4.93755e-08 
1.72969e-07 
1.12012e-06 
4.81892e-08 
7.98422e-08 
2.30144e-08 
3.01436e-08 
9.74849e-08 
1.93769e-07 
4.07527e-07 
8.71219e-07 
5.15501e-08 
1.8426e-07 
1.03631e-08 
1.49406e-07 
2.69291e-08 
5.46393e-07 
1.01395e-07 
1.46149e-08 
4.49543e-06 
2.40209e-07 
1.0197e-07 
8.66247e-08 
1.92207e-07 
5.20209e-07 
3.2665e-08 
1.71605e-06 
3.29986e-08 
6.46542e-08 
2.15945e-07 
7.05031e-09 
1.5433e-05 
5.61055e-06 
3.82386e-06 
2.98788e-08 
4.74173e-06 
2.76894e-08 
1.61387e-07 
1.55923e-06 
6.94767e-08 
1.12904e-07 
5.91056e-07 
2.64104e-07 
4.91334e-07 
4.77155e-07 
1.20815e-07 
4.36249e-07 
2.32857e-08 
3.43855e-08 
1.18258e-08 
4.27748e-08 
5.56178e-07 
3.00281e-07 
6.61053e-07 
7.32517e-08 
3.16711e-07 
1.85986e-07 
1.10537e-07 
6.31938e-08 
1.03481e-06 
9.97993e-06 
6.86329e-06 
1.57234e-05 
3.1382e-08 
3.33946e-07 
1.49137e-07 
1.87226e-07 
2.82304e-07 
1.32803e-07 
2.3654e-06 
8.56814e-09 
8.07286e-09 
1.18256e-05 
2.69325e-07 
1.79325e-08 
2.48743e-05 
9.32301e-08 
8.30932e-07 
3.52861e-05 
1.00925e-05 
1.78558e-06 
4.59169e-07 
2.23296e-07 
1.58401e-06 
7.68717e-08 
8.33258e-09 
1.31145e-07 
5.68265e-08 
7.41735e-08 
9.64994e-08 
6.37054e-08 
1.87713e-08 
1.74717e-07 
3.1362e-08 
3.23878e-06 
0.00044496 
4.62343e-09 
1.45124e-07 
3.76756e-07 
1.93019e-07 
4.95665e-07 
4.94454e-07 
4.35613e-09 
1.59285e-08 
5.83918e-07 
1.5746e-07 
2.10176e-06 
2.06256e-08 
2.0332e-09 
7.12584e-09 
5.25554e-09 
1.1369e-08 
1.50067e-08 
2.63891e-06 
8.01807e-07 
1.1455e-07 
3.27578e-06 
6.1979e-07 
1.02556e-07 
5.31809e-05 
5.01146e-07 
1.21285e-07 
2.23659e-07 
2.98049e-06 
6.61725e-06 
1.59287e-07 
1.34955e-05 
7.18279e-06 
1.8572e-07 
3.27675e-07 
9.82778e-08 
2.43013e-08 
1.63508e-07 
2.2971e-07 
2.26117e-07 
9.25452e-09 
6.86095e-08 
1.99996e-08 
8.2212e-07 
1.72988e-05 
1.15593e-07 
1.73992e-07 
5.58525e-08 
1.54338e-08 
3.74674e-07 
4.23482e-08 
7.06479e-06 
1.93841e-07 
7.27551e-08 
2.88471e-07 
4.44547e-07 
5.15567e-06 
4.39291e-08 
7.02924e-05 
4.09473e-06 
6.84119e-08 
7.66789e-06 
1.60078e-08 
5.69073e-07 
4.25894e-08 
1.96159e-07 
5.89576e-08 
3.74479e-07 
2.04021e-07 
2.2526e-08 
1.49538e-07 
1.70767e-07 
2.41169e-06 
3.89763e-08 
1.98807e-05 
4.09476e-07 
7.26885e-08 
5.76632e-06 
5.72428e-07 
8.91368e-08 
4.06064e-07 
6.23039e-08 
3.61554e-08 
1.5135e-05 
3.18287e-07 
8.2115e-06 
2.81831e-06 
8.76774e-08 
1.14669e-07 
2.55131e-08 
2.07907e-07 
1.29456e-07 
8.87371e-05 
3.59339e-06 
4.05454e-09 
1.13803e-06 
7.89904e-08 
2.07386e-07 
1.78763e-06 
1.96192e-08 
8.67153e-07 
1.06238e-08 
6.34528e-07 
2.57394e-06 
1.99115e-06 
7.51517e-08 
7.17045e-08 
2.7902e-07 
4.10325e-07 
2.86952e-08 
2.45482e-07 
1.05774e-07 
8.32768e-07 
4.73382e-08 
8.18691e-08 
1.00514e-07 
5.89523e-08 
5.9285e-08 
9.60412e-08 
4.46729e-06 
0.0100681 
3.22146e-07 
3.74964e-08 
0.931586 
5.17174e-05 
1.69147e-06 
3.86751e-08 
1.94744e-07 
2.13976e-09 
1.63353e-06 
9.02009e-05 
6.6136e-05 
1.77513e-09 
1.25959e-06 
1.41574e-06 
1.27656e-05 
2.19087e-06 
1.90481e-08 
2.23963e-09 
2.32804e-08 
1.03248e-07 
2.82683e-06 
1.28043e-08 
5.96361e-07 
2.23539e-08 
2.99602e-08 
1.7244e-06 
1.52109e-07 
2.24412e-08 
9.15291e-08 
1.71682e-06 
1.17451e-06 
7.68169e-07 
2.88751e-06 
5.07668e-08 
1.37815e-08 
1.06247e-07 
1.03426e-07 
1.49808e-06 
1.9323e-07 
9.69669e-06 
8.57466e-07 
7.09824e-07 
1.40093e-06 
1.62909e-05 
4.327e-06 
3.8065e-07 
1.51487e-07 
1.09583e-05 
3.4736e-06 
0.000128867 
6.42288e-06 
4.99093e-08 
1.35813e-06 
8.11319e-08 
5.0591e-07 
3.25716e-08 
2.7795e-08 
1.0132e-07 
2.56228e-06 
5.41318e-08 
3.39602e-06 
3.47259e-08 
1.55512e-07 
2.88102e-08 
2.61368e-08 
8.15959e-08 
4.48997e-08 
3.22804e-08 
4.9415e-07 
9.93818e-07 
3.9366e-07 
2.00423e-07 
2.26075e-09 
5.56481e-07 
1.03199e-06 
2.47467e-07 
2.20023e-06 
2.93801e-07 
1.71298e-07 
0.000327175 
2.23926e-07 
6.42978e-08 
2.72487e-06 
2.16027e-06 
9.3866e-08 
6.81382e-09 
5.64724e-05 
2.25522e-06 
1.51865e-07 
2.72963e-07 
3.75049e-07 
1.47573e-07 
5.58392e-07 
1.89903e-07 
1.44847e-08 
2.68848e-07 
3.56909e-07 
6.00701e-07 
5.83895e-09 
2.47625e-07 
9.59162e-08 
5.51125e-08 
1.2722e-06 
4.07027e-08 
1.34881e-07 
1.88011e-06 
8.7712e-07 
1.45925e-06 
1.99334e-08 
1.74174e-07 
8.46464e-08 
6.90671e-09 
4.23897e-08 
4.42954e-09 
1.45746e-06 
1.17453e-06 
1.14788e-08 
4.67398e-07 
2.56275e-07 
1.85386e-06 
7.32257e-05 
9.83863e-07 
2.04182e-05 
1.19124e-06 
9.37706e-08 
9.8008e-08 
5.64208e-07 
1.22844e-07 
5.72214e-07 
1.13209e-07 
8.26469e-08 
1.27386e-08 
4.23692e-09 
1.22036e-09 
8.16812e-08 
9.17148e-08 
5.20849e-07 
5.72063e-09 
3.56168e-08 
4.59859e-08 
3.49561e-09 
8.26513e-08 
5.29517e-08 
1.80009e-07 
2.28796e-08 
3.33601e-08 
1.74479e-08 
3.14903e-08 
3.40704e-09 
1.05891e-08 
1.90792e-08 
7.22611e-08 
1.11039e-08 
1.18897e-08 
8.77819e-08 
8.70858e-07 
2.65388e-08 
3.0428e-07 
9.28849e-08 
1.4074e-08 
2.36681e-08 
1.35828e-07 
2.51024e-08 
5.70554e-09 
1.84243e-08 
3.51293e-05 
1.41506e-07 
1.96003e-08 
4.82353e-07 
6.858e-09 
7.85869e-09 
3.36296e-09 
2.82989e-08 
2.50995e-07 
4.90509e-09 
5.55528e-07 
6.44008e-08 
0.0543612 
7.25768e-07 
1.18694e-05 
1.48225e-07 
5.63883e-07 
7.68682e-06 
5.81025e-06 
3.30946e-05 
5.04676e-05 
4.9081e-05 
3.43235e-06 
1.16397e-07 
5.19582e-07 
8.11409e-07 
2.7884e-06 
3.90148e-08 
2.6344e-09 
7.17237e-08 
5.44778e-09 
1.25976e-08 
1.37452e-09 
9.17706e-09 
1.6005e-08 
2.49507e-09 
3.05236e-09 
3.27453e-09 
2.68258e-08 
4.58381e-09 
1.74797e-07 
1.6718e-05
